4 5
8 10 12 17 15  100
15 13 18 11 9  150
14 20 6 10 13  180
13 19 7 5 12  280
90 170 50 210 190


----------------------------------------------------------------------
Tableau 0:
|  0    8    0|  0   10    0|  0   12    0|  0   17    0|  0   15    0
|  0   15    0|  0   13    0|  0   18    0|  0   11    0|  0    9    0
|  0   14    0|  0   20    0|  0    6    0|  0   10    0|  0   13    0
|  0   13    0|  0   19    0|  0    7    0|  0    5    0|  0   12    0
----------------------------------------------------------------------
----------------------------------------------------------------------
Tableau 1:
| 90    8    1| 10   10    1|  0   12    0|  0   17    0|  0   15    0
|  0   15    0|150   13    1|  0   18    0|  0   11    0|  0    9    0
|  0   14    0| 10   20    1| 50    6    1|120   10    1|  0   13    0
|  0   13    0|  0   19    0|  0    7    0| 90    5    1|190   12    1
----------------------------------------------------------------------
----------------------------------------------------------------------
Tableau 2:
| 80    8    1| 20   10    1|  0   12    0|  0   17    0|  0   15    0
|  0   15    0|150   13    1|  0   18    0|  0   11    0|  0    9    0
| 10   14    1|  0   20    0| 50    6    1|110   10    1|  0   13    0
|  0   13    0|  0   19    0|  0    7    0|100    5    1|190   12    1
----------------------------------------------------------------------

----------------------------------------------------------------------
Tableau 3:
|  0    8    0|100   10    1|  0   12    0|  0   17    0|  0   15    0
|  0   15    0| 70   13    1|  0   18    0|  0   11    0| 80    9    1
| 90   14    1|  0   20    0| 50    6    1| 30   10    1|  0   13    0
|  0   13    0|  0   19    0|  0    7    0|180    5    1|110   12    1
----------------------------------------------------------------------

----------------------------------------------------------------------
Tableau 4:
|  0    8    0|100   10    1|  0   12    0|  0   17    0|  0   15    0
|  0   15    0| 70   13    1|  0   18    0|  0   11    0| 80    9    1
| 90   14    1|  0   20    0| 50    6    1|  0   10    0| 30   13    1
|  0   13    0|  0   19    0|  0    7    0|210    5    1| 80   12    1
----------------------------------------------------------------------


Final Solution
----------------------------------------------------------------------

      |  1  |  2  |  3  |  4  |  5  
      ------------------------------
|  A  | -   |100  | -   | -   | -   
|  B  | -   | 70  | -   | -   | 80  
|  C  | 90  | -   | 50  | -   | 30  
|  D  | -   | -   | -   |210  | 80  
----------------------------------------------------------------------

Total cost:6590

